-5.363316558230720732e-01
-8.424922772994586362e-01
-6.718767918406153006e-02
-1.712410246277628889e-01
-2.191010850240961705e-01
-4.606712812071173668e-01
-6.023920073330305547e-01
-5.315744255419406761e-01
-3.516402123218287379e+00
-2.712730947428018791e+00
-5.511301508143220396e+00
-9.239649898210097190e-01
-6.977342038722785134e+00
-1.241980669377379665e-01
-4.528903024178138614e-01
-3.422372640496726515e+00
-3.713527272580574023e-01
-6.044196871338757271e-01
-2.076282838940952391e-01
2.983343566841518135e-01
