-5.363316558230720732e-01
-2.715433424233592241e+00
-6.718767918406153006e-02
-3.508021204199407994e-01
-1.783891745556489328e+00
-4.606712812071173668e-01
-2.331319961349240355e+00
-5.315744255419406761e-01
-5.130962635480255329e+00
3.144750108884226680e-01
-2.871875661806623237e-01
-1.880306479560627020e+00
-4.969799554992212487e-01
-2.529510701250075599e-01
-4.528903024178138614e-01
-3.404092254701142628e-01
-8.516983410799943144e-01
-6.044196871338757271e-01
-7.291442102083657562e-02
-4.385853658260713828e-01
-4.618172369056888549e+00
-2.653688392429120579e+00
-2.384529236418692910e-01
-5.383168659965774649e-01
-3.002851411981289687e+00
-3.009243555599053099e+00
-6.496623421940951104e+00
-1.334433690147021956e+00
-7.426764144484330199e-01
-3.277968414284940790e-01
2.137235270879502269e-01
-4.336710269365306458e-01
-1.037708340687177738e-01
-3.706890994812077622e+00
-1.373828594935326830e+00
2.729995515761949321e-01
-1.019771750846658165e+00
-1.408487146037854520e+00
-2.709592417259557351e+00
-5.599397988978143559e+00
-2.144051079028130510e-02
-1.601164920466952857e-01
-8.518224651404140424e-01
-6.876765078386756214e-01
5.830907586114147945e-01
-5.615592985134397752e-01
-2.670344013414848727e-01
3.856891164452431187e-01
-2.197861224387414936e+00
-8.478645327274177967e-01
-6.808718863039456837e-01
-4.150363399388046215e-01
-3.923105523591067456e+00
-5.010966721778458144e-01
4.124863448177284314e-02
-9.446568738365180851e-01
1.034080660615003117e-01
-5.728724897886714462e-01
-1.809139521627879166e+00
-8.381042346751742533e-01
