-6.120798451342293056e-01
2.287706852418475378e+00
-7.277898542268848026e-01
-3.314610826845469371e-01
-1.770446193063487461e-03
-3.333801085326864033e-01
-3.734824156342796109e-05
-7.085864140472355466e-01
1.040094913133017940e+00
-3.642425171491842084e-01
-6.830726523250948423e-01
1.398744738201361526e-01
-9.943639020558064923e-02
-6.889956746046140834e-01
-1.207389149251747451e-01
-7.425663661423607120e-01
-4.579741867585806481e-01
-1.516078090513066634e-01
-3.863758245632726955e-03
-8.386228184333696656e-02
1.301471599088781073e+00
2.656549115168028052e+00
-6.067320675538834251e-02
-1.722658653689323194e-01
2.210709414668479589e+00
1.888928415393821503e+00
3.238686327371432250e-01
-6.340979495985802131e-05
-2.734931505455262882e-02
-1.491577139267304675e-01
-4.549229456730146670e-01
-7.942026788406162385e-01
-2.967459494546272059e-02
-1.853256039957940082e-02
-1.077516899336384247e-02
-1.174814738194035257e+00
-2.728838563015171248e-01
3.275443480336078794e-01
-1.987616850408323657e-02
7.357547866927518498e-01
-8.903074530476391413e-01
-5.594586882290106811e-01
-1.016976892054883603e-04
-4.116390619944756413e-01
-9.335785452054166100e-01
-2.453453415283917138e-01
-7.308500304594520505e-03
-4.751111667196236676e-01
-3.498187328745093472e-02
-4.828626267323419263e-01
-9.024113112215659260e-01
-4.182639838354232364e-01
1.442527658920402578e+00
-7.647411426876342400e-02
-3.327049127914216697e-01
-2.858870512487190485e-01
-4.353418946075190421e-01
-1.419588174641653877e-01
-2.065544791858652668e-02
-1.048620043846100296e-02
