-2.144051079028130857e-02
-1.601164920466953134e-01
1.367642889569680831e+00
-6.876765078386757324e-01
-2.239527050939940089e-01
-5.615592985134398862e-01
1.816561267650988576e+00
2.367984798074940667e+00
-6.780559878055849587e-01
-8.478645327274179078e-01
-6.808718863039457947e-01
-3.456084573871524013e-01
-8.907421455256252507e-01
1.104862759849506215e+00
-4.391866879563943171e-01
-9.446568738365181961e-01
-2.225929406224325113e-01
-1.264465271821481052e-01
1.482302628103659536e+00
-1.692079954889445792e-02
-6.120798451342293056e-01
7.092437995948338569e-01
-7.277898542268848026e-01
-1.240610499362328478e-01
4.482652922375979787e-01
-3.333801085326864033e-01
3.566236918442970416e-01
-7.085864140472355466e-01
-1.250276456485482912e-01
-1.584826826002783129e-02
-4.890422238036051250e-01
-5.751777291929679459e-01
2.977314374997830804e+00
-2.085571178130389836e-01
-1.207389149251747451e-01
-7.292471025216668012e-01
-4.579683640187519611e-01
-1.516078090513066634e-01
-2.951620256547453081e-01
2.166647083558857378e+00
