-5.363316558230720732e-01
-8.424922772994586362e-01
-6.718767918406153006e-02
-1.712410246277628889e-01
-2.191010850240961705e-01
-4.606712812071173668e-01
-6.023920073330305547e-01
-5.315744255419406761e-01
-3.532026694983269266e+00
-2.735928549319126546e+00
-5.512705732746655762e+00
-9.239649898210097190e-01
-6.980318447325690734e+00
-1.241980669377379665e-01
-4.528903024178138614e-01
-3.407666041319252326e+00
-3.713527272580574023e-01
-6.044196871338757271e-01
-2.076282838940952391e-01
2.983343566841518135e-01
