-5.363316558230720732e-01
-8.424922772994586362e-01
-4.698543454816329401e+00
-1.712410246277628889e-01
-8.101855118746592588e-01
-4.606712812071173668e-01
-2.972222109031073867e+00
-2.769439815049695497e+00
-4.612005626532046931e-01
8.200932656648921570e-01
6.195621613574341380e-01
-1.331353387955863221e+00
4.641774473337427209e-01
-5.270463308130807434e+00
-9.330159239287882933e-01
-3.404092254701142628e-01
-7.160962546293154762e-01
-2.765119579163697772e+00
-3.638703451114723819e+00
-2.193922382465334664e+00
-4.270250908977832327e-01
-5.427320214462919346e+00
-2.384529236418692910e-01
-2.552465333145290671e-01
-2.026606377562667483e+00
-9.551377747251424966e-01
-6.696562179942448623e+00
-3.613330930499036309e-01
-2.372720332745475724e-01
-6.792503802084669251e-02
2.689675165861504791e-01
-9.209875287058055804e-01
-2.996393808547250348e+00
-1.310905951313285633e-01
-3.470759748682014645e-01
5.017424112541474246e-01
-1.307173490678515515e+00
-7.422124733648943762e-01
-7.136398784984925303e-01
-2.980408370812770880e+00
