-2.144051079028130857e-02
-1.601164920466953134e-01
1.329727619874403910e+00
-6.876765078386757324e-01
-2.239527050939940089e-01
-5.615592985134398862e-01
1.861277174039220883e+00
2.356139246502508833e+00
-6.780559878055849587e-01
-8.478645327274179078e-01
-6.808718863039457947e-01
-3.456084573871524013e-01
-8.907421455256252507e-01
1.187645515366464677e+00
-4.391866879563943171e-01
-9.446568738365181961e-01
-2.225929406224325113e-01
-1.264465271821481052e-01
1.457901192391356293e+00
-1.692079954889445792e-02
-6.120798451342293056e-01
8.941896040256880340e-01
-7.277898542268848026e-01
-1.240610499362328478e-01
6.878747180607117651e-01
-3.333801085326864033e-01
6.403501631523902393e-01
-7.085864140472355466e-01
-1.250276456485482912e-01
-1.584826826002783129e-02
-4.890422238036051250e-01
-5.751777291929679459e-01
3.010443704350866945e+00
-2.085571178130389836e-01
-1.207389149251747451e-01
-7.292471025216668012e-01
-4.579683640187519611e-01
-1.516078090513066634e-01
-2.951620256547453081e-01
2.202111885129541591e+00
