-4.270250908977832882e-01
-3.372794254053752550e-01
-2.384529236418693188e-01
-2.968720269743125861e-01
-8.581358015228746083e-01
-9.551377747251426076e-01
-5.823942361084744057e-02
-3.613330930499036864e-01
2.354040393632941264e+00
2.761940415964855955e+00
1.831700356105617322e+00
-4.336710269365307013e-01
1.282269941937468793e+00
-6.636499854442785562e-01
-3.470759748682015200e-01
2.776170576509731980e+00
-8.275286408309130426e-01
-7.422124733648944872e-01
-3.550750065897932406e-01
-4.418096090064222992e-01
