-4.794243959938673805e-03
-3.580313605352151290e-02
2.162763806636985586e-01
-1.537691418056945647e-01
1.303830573307044327e-01
-1.255684764873148118e-01
1.018232324239958519e-01
1.408500088548988727e-01
1.485834947489180768e+00
-1.856881573901614457e+00
-9.659948350841740528e-01
1.462470219671865163e-02
-7.729046866213894473e-01
-2.596768617696194534e-02
9.223475068028588048e-03
1.598665582921388717e+00
2.206661215216786653e-01
1.264945658359963865e-01
-5.435537842330577796e-01
1.979133698865229163e-01
