8.133746877565248279e-02
5.728066372727883687e-02
-4.669132737167184799e-01
2.750419514789710900e-03
6.352948080366402350e-02
1.136650021715966269e-01
1.141370805206487260e+00
1.362278403440819075e+00
1.171209304945755592e-01
5.016369040102049148e-02
-9.788753349092840436e-03
2.679505437636953147e-01
9.591688918702218070e-02
-4.332027993701131341e-01
-3.932744250563465771e-01
-8.159128762681067126e-02
3.777534866501480737e-02
-1.790597075288951137e-02
-4.612130945250177971e-01
-4.942476189261416335e-04
-1.407699684726978484e-01
-3.991552517789055954e-01
1.530499185456828393e-01
8.461315543871732181e-02
-9.386200072593863242e-01
-3.879250462708071917e-02
-2.512677736427859077e-01
-6.518430145655565444e-02
-4.640090259911398146e-02
-7.634728487229537619e-02
4.664507860236828674e-02
3.360207618907707361e-01
-1.831752210469697273e+00
1.531976949456038406e-01
-5.260526565742907473e-02
7.251030920472525954e-02
-4.101810895913957644e-01
1.396840880422621500e-01
4.081446898577868049e-02
1.434175349721216186e+00
