-7.835777654056282071e-02
1.451794145780253009e+00
5.873064403874758005e-02
3.163465086591142617e-02
2.865256386805741136e-03
-1.142516324016569634e-01
-1.302264352809472288e-02
4.287016841115916937e-02
-5.546170311833532596e-01
4.776293223780823938e-02
-1.940177994630297997e-01
-1.125450214197712684e-01
-1.336350303720803753e-02
-3.761376933305231596e-01
-1.506100588260982955e-02
-6.344217874951748291e-03
3.644705057995232811e-01
2.882596079021327792e-02
-1.556499911280813733e-02
-3.085843040104802384e-02
-6.929530547579337840e-01
-1.972192988792960344e+00
-2.828746528441437175e-02
-2.547079560987559610e-01
1.352487006390642232e+00
1.026262779012087512e+00
-1.174817688352167433e-01
4.389539444941230589e-04
-1.087142506601140590e-01
-2.679933607063937628e-02
8.755748503050782283e-02
3.294368341939305639e-02
-1.514342245346324278e-02
4.326589660669189429e-04
8.495682832686446764e-03
-6.356038233053394604e-02
-3.945296995947662477e-01
-6.599730678519269422e-02
7.840997853746530660e-03
-3.578911734845038883e-01
-7.858235644891541083e-02
-1.004485866099990993e-01
-7.648223292531082691e-03
3.739172927085223502e-02
8.416575951886436091e-02
5.287794028774357030e-02
-5.282297199217045325e-02
2.299995210043344340e-01
1.196669543998198255e-02
-6.550327695430163688e-02
-4.998643689418892644e-02
-4.234898406040284446e-01
-7.179759701005129502e-01
-1.493883956361683786e-02
3.061288189003319102e-02
-8.578532957259817071e-02
-2.857834079128428184e-02
-1.438425686361276268e-02
9.532060498873194676e-03
-4.198755461045133863e-02
