8.133746877565248279e-02
5.728066372727883687e-02
-6.851996529917147027e-01
2.750419514789710900e-03
6.352948080366402350e-02
1.136650021715966269e-01
1.023617580073006739e+00
1.427869909867091724e+00
1.171209304945755592e-01
5.016369040102049148e-02
-9.788753349092840436e-03
2.679505437636953147e-01
9.591688918702218070e-02
-5.296135027838794196e-01
-3.932744250563465771e-01
-8.159128762681067126e-02
3.777534866501480737e-02
-1.790597075288951137e-02
-7.427456476620636350e-01
-4.942476189261416335e-04
-1.407699684726978484e-01
-3.542681177571820328e-01
1.530499185456828393e-01
8.461315543871732181e-02
-1.003239948070656362e-01
-3.879250462708071917e-02
-1.150620425955626580e-01
-6.518430145655565444e-02
-4.640090259911398146e-02
-7.634728487229537619e-02
4.664507860236828674e-02
3.360207618907707361e-01
-1.762550104445815169e+00
1.531976949456038406e-01
-5.260526565742907473e-02
7.251030920472525954e-02
-4.101810895913957644e-01
1.396840880422621500e-01
4.081446898577868049e-02
1.369359925103844633e+00
