4.805171924768898428e+00
4.504970622521434542e+00
1.333538761166461195e-01
9.908127470090064004e-02
5.856626420290054647e+00
-8.221711485382712792e-02
-2.602523301597511884e-01
1.311653722874927541e-01
-5.590658407833460686e+00
6.079851912505191969e+00
-1.010104555652251990e-01
-1.522970491755544220e-01
-8.352330893252847555e-02
-5.680077961161819067e-01
-9.077108567204006384e-01
-7.981173776913150220e-02
-1.262483218921677530e-01
1.321230214582713169e-01
-5.649064855007054388e-03
-1.655211133127340861e-01
