-1.456766307272495453e+00
1.991242084344454044e+00
-8.624806484141718244e-01
2.980679398108602995e-02
1.254049027335661259e+00
-5.000727891640920353e-01
1.103388140877933132e+00
4.099457876278038704e-01
-5.467954923211625129e+00
4.736885489055248755e+00
5.952665973453294956e-01
-6.629362620360038649e-01
4.860379789535133277e+00
-3.004530918447693710e-01
2.043061682406890900e-01
-6.947395435663057395e-01
2.132963174787759486e-02
-4.285132153579618991e-02
2.026044544038292372e-01
5.602654221445007021e-01
3.154931426376160752e-01
-4.612718893796176722e+00
-1.040386839394400242e+00
-2.053047098267337223e+00
1.295057547617627092e-01
1.240971077712069048e+00
-4.370381693198404527e+00
2.068702393790452287e+00
7.920101240268316578e-02
1.372846834240903403e-03
