-4.685150397270547273e+00
-4.379604300129630978e+00
1.440323673419994788e-01
1.449284462224681158e-01
-2.433249210459950962e-01
-4.095051907073326766e-03
1.744452441517614985e-02
1.319346421924259272e-01
3.323380077201356197e+00
-2.579576252246812196e+00
2.017074937143134850e-01
4.675646195610307781e-02
-1.287381924786434482e-03
3.821297735670925455e-01
-2.245810572084541712e-01
1.503443718082881353e-01
-2.536351859021406321e-02
1.483033587818589627e-01
-2.139230242266624282e-01
-4.600560877256505699e-02
