-1.520052344389296151e+00
1.184749799372643908e+00
-4.296664477138641969e-01
2.122015025999777649e+00
1.331761035701601870e+00
-2.068470873585951664e-01
1.035957868887130484e+00
-1.436049946653904230e-01
2.828268074889209949e+00
-2.463421222262450527e+00
-1.154636971529169644e-02
-7.466590174073470809e-01
4.151120488417544413e-02
4.247954076556263031e-02
-5.980659186065827304e-02
-4.452573052948568533e-01
-1.505067026572054142e-02
-1.599553670634209362e-02
-1.265438233846601264e-02
2.552381012544289729e-01
-3.477850510927631422e-01
4.416703160324534139e+00
-2.204723079300345279e-01
-1.285521599761600964e+00
-9.737020935527643251e-02
8.161471741950546699e-01
-5.815041165782659505e+00
1.281919213042428396e+00
-1.391939311746976382e-01
-3.588808887777440726e-02
