-1.391118032152453665e+00
1.827713244240101398e+00
-8.450098425047767314e-01
1.201092882388893057e-01
1.219341283892422467e+00
-2.840116565980989050e-01
1.090110984587044030e+00
4.439697426583406048e-01
-5.687779253512085909e+00
4.666556467746050707e+00
3.963800205688655098e-01
-6.409485076763704603e-01
4.170495263082001358e+00
-2.092870196616801737e-01
1.826087324495892783e-01
-6.535371114869358289e-01
2.770883880679609473e-02
-4.042563232338653410e-03
1.215932083926607732e-01
4.219436277126638601e-01
4.771313394391776264e-01
-4.556729892873416787e+00
-1.004711573515277401e+00
-1.874543613390281527e+00
1.554879372540447224e-01
1.220205482780978956e+00
-8.803443689814079320e+00
1.887758528002557723e+00
1.466989886094694495e-01
1.348537916654122745e-02
