4.819387645184427527e+00
4.387113990316907852e+00
8.999719157391604732e-03
2.631394179600875087e-04
4.965371540904393477e+00
-5.460197876074169123e-04
-1.857414245184702559e-03
3.227359489474690988e-04
-5.452833831305530232e+00
5.752346085842472867e+00
-4.173230637675046659e-04
4.012305898940746467e-04
-4.306918784948244390e-04
-2.530059163333544039e-05
-1.012739632563588454e+00
7.624934068828783480e-04
4.347279053568208038e-04
-8.471101265142581480e-05
4.015099930363394453e-04
-5.172400217789827797e-04
