-1.562614318560471505e+00
1.210825989596778118e+00
-4.125540985513085901e-01
2.143973682917621471e+00
1.365255201418210884e+00
3.783313417014096819e-02
1.060294878559696397e+00
-2.334622777942168548e-01
2.197895054723018937e+00
-2.573147950738862377e+00
-2.082304620123779093e-01
-7.413758880667918882e-01
-7.084205779039648432e-02
1.095709969367823361e-01
-9.563597626773789884e-02
-4.133202184516973077e-01
-1.447609565892227224e-02
2.047176780446345948e-03
-6.320595956178827468e-02
9.160160393851886351e-02
-2.507802661270515099e-01
4.404554288267621409e+00
-1.651859245526569597e-01
-1.324789043011984635e+00
-8.134178365212210715e-02
8.280380875972689347e-01
-3.095644707319864075e+00
1.322081293517344713e+00
-7.666521113998485404e-02
-7.560706742440151396e-03
