-4.644918866504482935e+00
-4.456190651381960244e+00
-5.050609754943663314e-03
-1.478173589618662377e-04
-1.363998690008119963e-01
3.131803787721789659e-04
1.045892215587878151e-03
-1.840200255570099757e-04
3.187136539713964822e+00
-2.355121448543493035e+00
2.312978418566219755e-04
-2.286693159902898446e-04
2.464694418715563545e-04
2.186613317527650493e-05
-7.511124031052610062e-02
-4.281348957337618392e-04
-2.416941563278932645e-04
4.888519556102764827e-05
-2.266177864801055444e-04
2.911410324563318622e-04
