6.639785417222273667e-01
-3.323961790195415489e-01
2.468958546839234158e-01
5.439328198069527387e-01
-6.110792254836697746e-01
-3.288665053720053744e-02
-5.747284992434226192e-01
3.143920975826285102e-02
4.151847904157757729e-01
-1.124299571551776067e+00
5.201762050524707214e-03
2.872171578010249693e-01
1.947443120272213113e+00
-6.387114812639540888e-03
6.764280054426139062e-03
1.859160461306838263e-01
1.156548734240019343e-03
-2.221448202209592060e-04
7.217526550777332746e-03
6.612258160893411119e-02
4.163979779336469261e-02
-1.487450529942227817e+00
1.365742108427147328e-01
3.926388108903314800e-01
7.198596049938312848e-03
-4.624953862785572412e-01
-2.856737935277305684e+00
-4.002742805726216546e-01
7.324905623848639892e-03
1.123165030960803119e-03
