9.414457099785183969e-01
4.383102091951040502e-01
9.124724951546468862e-05
2.021574270775395447e-06
1.250357615743635575e+00
-1.031189320643658241e-05
-1.722072849680250544e-05
4.609083315495647454e-06
8.422258186948342606e-01
-7.088719272089242240e-01
-6.350504341548807879e-06
5.655447741596107437e-06
-6.119784889273156238e-06
-1.478535408234155292e-06
-1.867999479943919516e-01
8.690366964903862784e-06
6.688057226529105084e-06
-1.382350825346936769e-06
3.066172548184174944e-06
-4.463951338993601235e-06
