9.344611708198774513e-01
4.273455332294773257e-01
4.683001921157420311e-02
5.544197726753195832e-02
1.047615651032800965e+00
8.262719670407714379e-02
-1.602521815862398627e-02
3.807274361002820073e-02
7.723082566385203185e-01
-6.912068784196595539e-01
9.094228796313162666e-02
-3.512891819615369948e-02
3.202657118199730285e-02
1.142515871857857218e-01
-2.322286705674660168e-01
7.459651476249901103e-02
1.349787004046192930e-02
4.972810213467590557e-02
-7.622197118658267934e-02
5.110387996572772484e-02
