6.810963295318898103e-01
-3.538425543612587765e-01
2.891047445473398647e-01
5.309666453717800660e-01
-6.294265852124515392e-01
-4.391386469114976626e-02
-5.964446754536695261e-01
8.038718145886631153e-03
6.640891115016286372e-01
-6.289017678225906627e-01
2.166006391823852711e-02
3.174917772454494136e-01
1.929517679859967361e+00
-6.581546650625447192e-02
6.025228602265416886e-03
2.310574289310385332e-01
-3.085695249545136395e-02
-6.271415194773906875e-03
7.799305387812550949e-02
6.305252893747531617e-02
4.039858545902649117e-02
-1.329102836206773386e+00
1.905877077786435614e-01
4.130280922698690294e-01
-4.406859108350010684e-02
-4.880672394516961110e-01
-2.842837948487674460e+00
-4.207508811553740125e-01
1.068544782660294824e-02
-3.279892511376648195e-02
